Date	IEDB reference	Allele	Peptide length	Measurement type	Peptide seq	Measurement value	NetMHCpan 2.8	SMM	ANN 4.0	ARB	SMMPMBEC	IEDB Consensus	NetMHCcons	PickPocket	mhcflurry 1.2.0	ANN 3.4	NetMHCpan 3.0	NetMHCpan 4.0 BA	NetMHCpan 4.1 BA	NetMHCpan 4.0 EL	NetMHCpan 4.1 EL
2023-08-03	1042741	HLA-A*02:01	9	binary	ALNKMFFQL	0.0	21.25	66.39	45.09	22.23	64.33	1.2	24.87	18.97	87.672809244	29.0	15.6	18.1	16.37	0.756	0.752
2023-08-03	1042741	HLA-A*02:01	9	binary	FMKQMNDAL	0.0	246.25	444.74	390.73	262.83	450.23	4.4	328.32	163.39	773.5630975737	438.0	119.9	108.6	89.17	0.367	0.279
2023-08-03	1042741	HLA-A*02:01	9	binary	FQLAKTCPV	1.0	4.84	22.97	5.48	5.96	22.15	0.2	4.15	18.77	15.5542476365	3.0	6.2	5.2	7.13	0.247	0.279
2023-08-03	1042741	HLA-A*02:01	9	binary	HMTEVVRRF	0.0	13672.72	6384.25	12435.65	10849.74	5786.69	23.0	14329.76	1485.27	7581.5714197906	15034.0	9452.9	9169.7	9076.51	0.0488	0.0593
2023-08-03	1042741	HLA-A*02:01	9	binary	ITDFGRAKL	0.0	10794.7	6825.12	12310.74	32830.99	8173.91	22.0	12382.34	2968.51	12906.6509714781	14266.0	7914.4	8406.6	7343.91	0.0351	0.0306
2023-08-03	1042741	HLA-A*02:01	9	binary	KMFFQLAKT	0.0	167.39	317.04	196.62	114.18	350.29	3.7	191.14	74.97	228.4489607856	218.0	231.4	207.1	196.33	0.133	0.119
2023-08-03	1042741	HLA-A*02:01	9	binary	LTSTVQLIM	0.0	13648.62	8873.81	8053.61	9063.64	9363.32	22.0	12584.95	7609.38	5301.8355394518	11566.0	8060.1	8631.0	8044.12	0.00338	0.00329
2023-08-03	1042741	HLA-A*02:01	9	binary	LVVVGAAGV	0.0	827.07	674.7	1519.99	424.37	678.31	5.9	1202.75	170.61	1394.415490404	1745.0	492.9	738.5	558.69	0.105	0.0228
2023-08-03	1042741	HLA-A*02:01	9	binary	LVVVGACGV	0.0	1304.97	762.27	2088.83	453.13	721.82	6.6	1904.94	148.23	1863.4804289791	2781.0	657.9	839.7	596.43	0.0262	0.00949
2023-08-03	1042741	HLA-A*02:01	9	binary	LVVVGASGV	0.0	2163.58	1040.18	3297.93	1014.28	1057.86	8.7	2904.96	233.5	2833.687574964	3894.0	1353.7	1767.0	1532.38	0.0487	0.0143
2023-08-03	1042741	HLA-A*02:01	9	binary	LVVVGAVGV	0.0	1268.77	677.81	1710.31	704.65	665.93	5.9	1628.34	156.47	1943.2399190705	2089.0	453.0	640.4	552.52	0.164	0.0448
2023-08-03	1042741	HLA-A*02:01	9	binary	MNWRPILTI	0.0	6656.43	5663.83	7503.99	1205.03	5169.28	19.0	7208.66	688.93	7622.6517150436	7756.0	5834.1	6000.8	4791.83	0.0156	0.00875
2023-08-03	1042741	HLA-A*02:01	9	binary	QLIMQLMPF	0.0	2227.72	772.88	2348.1	829.42	795.12	6.4	3219.45	340.99	1996.6590494253	4692.0	2511.2	1779.0	2773.78	0.0107	0.00492
2023-08-03	1042741	HLA-A*02:01	9	binary	RQLCDLRLF	0.0	8761.75	9552.35	13380.03	7318.24	8900.82	24.0	9245.51	2390.89	7039.1111572747	9765.0	7088.9	6145.3	6147.05	0.00386	0.00253
2023-08-03	1042741	HLA-A*02:01	9	binary	VVGACGVGK	0.0	32225.62	130049.89	29376.91	51368.93	113091.51	51.0	28640.0	28178.94	15594.7525585169	25659.0	32817.1	31473.4	30282.48	0.000181	0.000115
2023-08-03	1042741	HLA-A*02:01	9	binary	VVGADGVGK	0.0	38947.14	208501.89	34979.2	120904.93	188551.5	71.0	32787.64	33144.32	19314.8702479898	27682.0	37768.2	36341.8	35485.07	0.000289	0.000163
2023-08-03	1042741	HLA-A*02:01	9	binary	VVGAVGVGK	0.0	31836.43	158164.86	27014.89	85291.03	141068.48	54.0	29108.61	27875.69	16333.7114315011	26814.0	31669.5	30874.4	30145.19	0.000591	0.00039
2023-08-03	1042741	HLA-A*02:01	9	binary	VVPCEPPEV	1.0	649.29	449.89	680.98	156.68	415.37	4.5	476.88	236.04	695.9215639163	350.0	1268.1	891.4	564.05	0.219	0.304

Date	IEDB reference	Allele	Peptide length	Measurement type	Peptide seq	Measurement value	NetMHCpan 2.8	SMM	ANN 4.0	ARB	SMMPMBEC	IEDB Consensus	NetMHCcons	PickPocket	mhcflurry 1.2.0	ANN 3.4	NetMHCpan 3.0	NetMHCpan 4.0 BA	NetMHCpan 4.1 BA	NetMHCpan 4.0 EL	NetMHCpan 4.1 EL
2023-08-03	1042741	HLA-A*02:01	10	binary	AKEEHRPLAW	0.0	43700.36	258511.58	36753.48	1000000.0	219189.63	79.0	38357.05	50000.0	25727.3564913848	33543.0	44037.5	43231.6	44117.16	7.7	5.0
2023-08-03	1042741	HLA-A*02:01	10	binary	ALHGGWTTKM	0.0	926.31	1254.53	1955.03	81.66	1379.81	7.7	1209.27	611.63	1706.5611876666	1589.0	3474.5	3284.1	3156.26	0.0783	0.0501
2023-08-03	1042741	HLA-A*02:01	10	binary	GARGVGKSAL	0.0	32096.93	58678.63	30613.25	37487.72	51264.89	58.0	30560.95	50000.0	22617.7597721566	29205.0	36776.6	34133.9	32222.13	0.00041	0.000315
2023-08-03	1042741	HLA-A*02:01	10	binary	GMNWRPILTI	0.0	349.83	361.81	180.98	152.33	456.9	2.45	238.6	205.07	189.1141806856	163.0	189.0	165.9	125.46	0.225	0.0883
2023-08-03	1042741	HLA-A*02:01	10	binary	KIGGFGLATV	1.0	68.8	109.52	205.91	10.0	118.53	1.55	71.41	186.04	179.7081713006	73.0	64.0	69.1	44.43	0.316	0.201
2023-08-03	1042741	HLA-A*02:01	10	binary	KLVVVGAAGV	1.0	82.42	126.03	237.76	38.82	99.5	1.7	114.33	54.19	252.8492161948	158.0	205.6	222.7	180.48	0.145	0.0251
2023-08-03	1042741	HLA-A*02:01	10	binary	KLVVVGACGV	1.0	98.34	164.24	373.6	27.83	104.67	2.2	164.27	49.7	359.1150281866	274.0	203.6	204.3	166.86	0.0885	0.0158
2023-08-03	1042741	HLA-A*02:01	10	binary	KLVVVGADGV	1.0	213.82	343.94	498.01	167.3	234.33	3.1	333.69	71.79	1169.631708054	519.0	360.8	331.6	280.47	0.122	0.0171
2023-08-03	1042741	HLA-A*02:01	10	binary	KLVVVGAGDV	0.0	1358.33	1243.03	506.91	572.55	842.99	5.95	1946.61	124.66	4203.3514276345	2770.0	398.1	407.4	348.22	0.0866	0.0122
2023-08-03	1042741	HLA-A*02:01	10	binary	KLVVVGARGV	0.0	540.98	366.0	506.91	201.56	295.0	3.2	688.93	101.5	1217.8688751751	877.0	396.8	407.1	343.25	0.0968	0.0158
2023-08-03	1042741	HLA-A*02:01	10	binary	KLVVVGASGV	1.0	145.09	221.55	390.74	79.72	165.89	2.45	193.22	66.56	614.1340823462	256.0	336.3	322.0	257.98	0.115	0.0244
2023-08-03	1042741	HLA-A*02:01	10	binary	KLVVVGAVGV	1.0	111.87	156.13	300.18	51.54	102.76	2.0	147.43	53.03	288.6393189947	193.0	162.7	156.5	174.89	0.254	0.0515
2023-08-03	1042741	HLA-A*02:01	10	binary	LLDILDTAGL	0.0	59.45	197.92	314.45	85.88	232.18	2.25	81.75	163.39	146.1183532451	111.0	113.4	127.9	113.23	0.21	0.0641
2023-08-03	1042741	HLA-A*02:01	10	binary	MNQRPILTII	0.0	20971.6	8560.12	10883.12	3826.04	9116.33	24.0	19191.6	5997.52	13944.8490711595	17448.0	7236.6	7917.0	9442.65	0.00211	0.000677
2023-08-03	1042741	HLA-A*02:01	10	binary	MQLMPFGCLL	1.0	555.02	433.99	28.67	95.0	388.88	2.23	540.07	337.32	4474.6913428439	523.0	21.0	23.1	26.48	0.13	0.0482
2023-08-03	1042741	HLA-A*02:01	10	binary	RLIRVEGNLR	0.0	27590.93	3779.9	14174.32	6336.59	4353.31	22.0	24747.82	14564.23	14637.7240776006	22135.0	16361.7	15924.9	9876.41	0.0014	0.000602
2023-08-03	1042741	HLA-A*02:01	10	binary	RPLAWGNINL	0.0	13079.46	3195.07	402.8	5391.61	3004.83	9.75	11604.04	8478.89	10233.3410341044	10256.0	490.7	319.5	270.03	0.317	0.119
2023-08-03	1042741	HLA-A*02:01	10	binary	RSPILTIITL	0.0	5695.32	2526.27	3605.57	1182.6	2611.08	12.1	5267.25	4062.65	5639.6723130754	4895.0	6123.4	6971.0	5043.12	0.00459	0.00375
2023-08-03	1042741	HLA-A*02:01	10	binary	SEITKQEKDF	0.0	42897.49	427051.25	43237.73	1000000.0	341051.53	92.0	38357.05	50000.0	26422.5401202144	34155.0	42615.8	40792.7	42565.61	0.000207	6.1
2023-08-03	1042741	HLA-A*02:01	10	binary	TVKIGGFGLA	0.0	19314.06	57607.63	18951.21	7304.53	49867.78	45.5	21500.59	14564.23	17808.6949374179	23897.0	4045.6	5042.2	5356.45	0.00924	0.00269
2023-08-03	1042741	HLA-A*02:01	10	binary	TYQGSYGFLL	0.0	15399.98	9214.67	748.46	4752.14	9307.22	16.25	15625.39	9047.59	12434.5284117478	15827.0	1127.6	2360.3	1895.24	0.00513	0.0018
2023-08-03	1042741	HLA-A*02:01	10	binary	VQLIMQLMPF	0.0	8648.13	530.25	2673.82	789.13	548.05	6.2	7287.08	4242.33	8073.1673989442	6129.0	4464.2	4480.5	5634.61	0.00106	0.00023

Date	IEDB reference	Allele	Peptide length	Measurement type	Peptide seq	Measurement value	NetMHCpan 2.8	SMM	ANN 4.0	ARB	SMMPMBEC	IEDB Consensus	NetMHCcons	PickPocket	mhcflurry 1.2.0	ANN 3.4	NetMHCpan 3.0	NetMHCpan 4.0 BA	NetMHCpan 4.1 BA	NetMHCpan 4.0 EL	NetMHCpan 4.1 EL
2023-08-03	1042741	HLA-A*11:01	10	binary	AIKTSPKANK	1.0	505.91	274.69	377.48	14.41	281.08	2.1	344.7	6062.77	120.8279360839	236.0	404.4	348.6	422.72	0.306	0.331
2023-08-03	1042741	HLA-A*11:01	10	binary	AISTRDPLSK	1.0	87.3	23.92	50.81	0.64	31.9	0.3	52.74	2145.7	19.2466368175	32.0	94.0	99.2	99.32	0.538	0.55
2023-08-03	1042741	HLA-A*11:01	10	binary	AKEEHRPLAW	0.0	42090.36	636575.62	41601.23	1000000.0	448569.77	81.5	35176.57	50000.0	25304.5837483608	29550.0	41774.0	41280.2	41443.56	0.000113	5.5
2023-08-03	1042741	HLA-A*11:01	10	binary	ALHGGWTTKM	0.0	18793.36	57922.86	7494.25	282436.13	61070.29	23.25	22573.33	27278.95	12298.5230235552	26923.0	6070.9	6172.4	7766.67	0.0389	0.00604
2023-08-03	1042741	HLA-A*11:01	10	binary	EVCVCACPGR	0.0	8623.62	4506.61	13401.32	209941.64	4569.09	13.5	8297.38	2145.7	2088.8377622371	7979.0	12562.6	10892.7	8971.16	0.000249	0.000156
2023-08-03	1042741	HLA-A*11:01	10	binary	GARGVGKSAL	0.0	36972.58	230595.06	38666.66	85122.5	331764.57	66.5	32787.64	50000.0	22827.1057717746	29133.0	41226.2	39580.1	38443.9	0.000152	2.6
2023-08-03	1042741	HLA-A*11:01	10	binary	GIPFIETSTK	1.0	249.96	67.58	160.79	2.56	86.66	0.85	211.83	7131.08	114.8940778441	180.0	149.3	128.9	166.57	0.383	0.224
2023-08-03	1042741	HLA-A*11:01	10	binary	GTRVLAMAIY	0.0	1167.57	3302.55	5179.82	6336.29	3514.23	8.3	2693.07	8853.9	2265.7918875629	6169.0	1631.3	1603.4	2508.69	0.0427	0.00555
2023-08-03	1042741	HLA-A*11:01	10	binary	IPVAIKTSPK	1.0	9980.54	607.92	129.69	1361.15	645.4	2.24	9550.53	8478.89	2068.8823773168	9125.0	131.9	158.2	172.7	0.127	0.0829
2023-08-03	1042741	HLA-A*11:01	10	binary	KLVVVGADGV	0.0	31841.07	622085.39	34989.43	759294.03	457962.59	65.0	29906.73	41151.77	23028.349704523	28178.0	30175.9	31179.9	33136.8	0.000201	7.0
2023-08-03	1042741	HLA-A*11:01	10	binary	LNKMFFQLAK	1.0	1391.67	909.6	300.11	62.02	362.94	3.15	2469.77	8387.64	675.2702458697	4385.0	66.8	91.8	256.68	0.0348	0.00967
2023-08-03	1042741	HLA-A*11:01	10	binary	NSSCMGDMNR	0.0	2875.38	436.37	1844.64	104.22	531.9	3.85	1804.62	2122.61	535.3229369188	1129.0	2611.6	3277.3	2611.1	0.00913	0.00302
2023-08-03	1042741	HLA-A*11:01	10	binary	RLIRVEGNLR	0.0	1552.38	1096.1	1486.81	1204.9	1177.15	4.6	1646.06	2240.61	924.3538591332	1743.0	1680.7	1735.5	1956.28	0.0862	0.0189
2023-08-03	1042741	HLA-A*11:01	10	binary	SEITKQEKDF	0.0	44391.45	2017669.37	40065.26	1000000.0	588613.2	85.0	36534.22	50000.0	23837.3960802877	30149.0	41431.9	41258.3	40671.05	4.5	3.1
2023-08-03	1042741	HLA-A*11:01	10	binary	SSCMGGMNQR	1.0	351.36	349.82	132.92	1255.81	361.27	1.75	250.51	893.21	99.4875190119	177.0	109.3	126.5	171.15	0.451	0.356
2023-08-03	1042741	HLA-A*11:01	10	binary	SSCMGGMNWR	1.0	314.72	260.53	157.47	770.96	264.75	1.59	230.98	855.38	58.1117138624	169.0	85.2	127.3	158.18	0.289	0.149
2023-08-03	1042741	HLA-A*11:01	10	binary	SSCMGSMNRR	1.0	277.52	201.77	102.92	387.52	184.85	1.27	169.69	902.93	88.5760360782	103.0	82.7	104.5	145.11	0.336	0.232
2023-08-03	1042741	HLA-A*11:01	10	binary	TRVRAMAICK	1.0	8717.78	3340.8	463.65	253.43	2222.44	5.45	8664.37	24747.82	3500.7544597962	8602.0	203.3	310.8	453.61	0.0515	0.0187
2023-08-03	1042741	HLA-A*11:01	10	binary	VVRHCPHHER	1.0	1583.41	2599.26	1775.42	5963.56	2665.81	6.15	2812.19	2904.96	1543.7419739995	5012.0	1629.6	2114.9	2072.84	0.042	0.0207
2023-08-03	1042741	HLA-A*11:01	10	binary	VVRRCPHRER	1.0	4188.62	6051.32	11254.1	11550.58	6454.02	14.0	6575.26	5869.13	6372.1944241649	10274.0	6798.7	7409.6	9157.2	0.00653	0.00186
2023-08-03	1042741	HLA-A*11:01	10	binary	VVRRFPHHER	1.0	873.6	1985.41	4493.11	914.06	1818.99	7.05	1602.13	2496.64	998.1522766045	2942.0	2058.5	2560.9	3613.5	0.0495	0.0119
2023-08-03	1042741	HLA-A*11:01	10	binary	VVVGACGVGK	1.0	243.15	102.53	278.8	4.62	89.5	1.3	171.54	1691.19	40.4775040577	120.0	165.8	102.1	122.12	0.552	0.303
2023-08-03	1042741	HLA-A*11:01	10	binary	VVVGADGVGK	1.0	616.26	115.57	429.98	13.34	105.88	1.55	369.82	2314.53	38.0165635169	220.0	362.6	189.6	194.2	0.563	0.309
2023-08-03	1042741	HLA-A*11:01	10	binary	VVVGAGDVGK	1.0	534.45	129.37	429.12	4.82	130.87	1.6	331.89	2010.83	58.3777737208	204.0	335.0	193.6	213.03	0.562	0.305
2023-08-03	1042741	HLA-A*11:01	10	binary	VVVGARGVGK	1.0	302.97	103.72	308.51	5.09	90.96	1.35	190.11	1654.99	39.2270809039	119.0	252.0	166.7	162.14	0.563	0.329
2023-08-03	1042741	HLA-A*11:01	10	binary	VVVGAVGVGK	1.0	185.96	71.26	137.28	1.89	46.11	0.86	114.95	1318.61	31.8897601102	71.0	109.1	79.4	68.99	0.677	0.454

Date	IEDB reference	Allele	Peptide length	Measurement type	Peptide seq	Measurement value	NetMHCpan 2.8	SMM	ANN 4.0	ARB	SMMPMBEC	IEDB Consensus	NetMHCcons	PickPocket	mhcflurry 1.2.0	ANN 3.4	NetMHCpan 3.0	NetMHCpan 4.0 BA	NetMHCpan 4.1 BA	NetMHCpan 4.0 EL	NetMHCpan 4.1 EL
2023-08-03	1042741	HLA-A*24:02	9	binary	ALNKMFFQL	0.0	3549.95	3905.08	4037.01	1875.83	3012.73	4.95	4084.68	1864.16	1088.6518418993	4687.0	2873.7	3227.9	4537.71	0.0973	0.024
2023-08-03	1042741	HLA-A*24:02	9	binary	HMTEVVRRF	1.0	3374.27	3278.16	5893.31	5710.66	3019.67	5.1	3665.8	1290.38	3287.3611527395	3972.0	3518.4	3521.6	3646.42	0.364	0.252
2023-08-03	1042741	HLA-A*24:02	9	binary	HVKITDFGR	0.0	39642.67	140485.01	44895.81	493636.96	161420.99	76.0	39837.46	50000.0	26699.2495340085	39911.0	41473.6	40153.8	39531.74	0.000263	3.3
2023-08-03	1042741	HLA-A*24:02	9	binary	MNWRPILTI	1.0	1684.71	2739.24	5513.93	2550.01	2344.01	4.55	4219.45	3202.08	1672.1330553907	10518.0	3634.2	5365.3	5037.66	0.0353	0.0108
2023-08-03	1042741	HLA-A*24:02	9	binary	NWRPILTII	1.0	1624.17	2101.99	1339.13	269.32	1794.57	2.6	1737.56	1017.05	460.0020142283	1854.0	587.7	978.2	944.75	0.547	0.187
2023-08-03	1042741	HLA-A*24:02	9	binary	NYICNSSCM	1.0	1715.31	757.93	1848.27	75.81	1030.29	1.7	1255.95	666.93	700.8142599542	924.0	2342.8	1960.1	1054.06	0.0617	0.0275
2023-08-03	1042741	HLA-A*24:02	9	binary	QLIMQLMPF	1.0	3712.02	4473.32	6140.93	56706.75	3819.09	6.05	3932.89	1362.11	1461.262751865	4154.0	3208.9	3539.7	3623.45	0.028	0.00921
2023-08-03	1042741	HLA-A*24:02	9	binary	RQLCDLRLF	1.0	926.88	1068.14	841.57	163.32	1221.69	1.5	898.05	837.07	628.970950057	877.0	548.4	719.6	495.74	0.1	0.081
2023-08-03	1042741	HLA-A*24:02	9	binary	SYGFLLGFL	1.0	107.41	784.57	517.32	98.7	727.71	1.03	143.49	638.68	146.0510333561	191.0	188.6	177.0	173.74	0.436	0.218
2023-08-03	1042741	HLA-A*24:02	9	binary	TYQGSYGFL	1.0	50.29	279.02	111.92	57.36	287.05	0.35	58.45	263.01	128.9299338038	67.0	101.0	150.2	116.13	0.718	0.539

Date	IEDB reference	Allele	Peptide length	Measurement type	Peptide seq	Measurement value	NetMHCpan 2.8	SMM	ANN 4.0	ARB	SMMPMBEC	IEDB Consensus	NetMHCcons	PickPocket	mhcflurry 1.2.0	ANN 3.4	NetMHCpan 3.0	NetMHCpan 4.0 BA	NetMHCpan 4.1 BA	NetMHCpan 4.0 EL	NetMHCpan 4.1 EL
2023-08-03	1042741	HLA-A*24:02	10	binary	AKEEHRPLAW	0.0	34872.89	34175.9	37297.08	545530.56	59381.34	35.5	34798.02	45854.11	9684.2541050529	34657.0	37930.3	36576.9	37377.07	0.00182	0.000345
2023-08-03	1042741	HLA-A*24:02	10	binary	GARGVGKSAL	0.0	41209.32	80116.14	45462.86	46751.27	101777.08	67.5	40053.56	50000.0	20239.8973154309	39164.0	43662.7	42372.1	41216.84	0.000215	3.5
2023-08-03	1042741	HLA-A*24:02	10	binary	MQLMPFGCLL	1.0	6992.94	20217.15	5990.84	416.06	18778.03	11.9	8075.95	4830.5	3695.322507127	9357.0	4167.8	4363.8	3422.88	0.00401	0.00137
2023-08-03	1042741	HLA-A*24:02	10	binary	QHVKITDFGR	0.0	36317.92	260447.38	41767.66	77514.98	387837.68	71.5	37739.56	50000.0	19605.1638231347	39565.0	32622.4	33946.8	34357.67	0.000359	0.000118
2023-08-03	1042741	HLA-A*24:02	10	binary	RSPILTIITL	0.0	4380.0	3394.06	7188.95	2348.51	4361.64	5.55	4406.07	6755.55	2203.4196006031	4433.0	6856.7	10232.9	7938.81	0.0113	0.00978
2023-08-03	1042741	HLA-A*24:02	10	binary	SEITKQEKDF	0.0	31123.84	51489.66	27830.18	48042.86	41176.55	31.0	29906.73	32787.64	19171.0913049018	28894.0	34596.4	34756.6	34856.05	0.00241	0.00152
2023-08-03	1042741	HLA-A*24:02	10	binary	TYQGSYGFLL	1.0	21.4	168.55	25.53	101.28	144.43	0.22	28.31	249.16	14.8042834022	37.0	21.2	17.5	21.7	0.835	0.6
2023-08-03	1042741	HLA-A*24:02	10	binary	VQLIMQLMPF	1.0	1424.83	1354.32	1384.92	7265.33	2492.59	2.3	1242.43	2054.82	577.7704876952	1088.0	1455.2	2790.2	2407.68	0.0133	0.00506
2023-08-03	1042741	HLA-A*24:02	10	binary	YNYICNSSCM	1.0	19579.34	111101.52	923.45	6390.2	37294.95	30.15	23957.42	18882.64	13977.9612267696	29576.0	1241.8	1356.9	952.8	0.0113	0.00674
2023-08-03	1042741	HLA-A*24:02	10	binary	YSPALNKMFF	1.0	657.89	272.72	696.93	289.05	404.25	0.78	469.21	1864.16	390.508827347	333.0	1221.1	924.0	1255.7	0.101	0.0319

Date	IEDB reference	Allele	Peptide length	Measurement type	Peptide seq	Measurement value	NetMHCpan 2.8	SMM	ANN 4.0	ARB	SMMPMBEC	IEDB Consensus	NetMHCcons	PickPocket	mhcflurry 1.2.0	ANN 3.4	NetMHCpan 3.0	NetMHCpan 4.0 BA	NetMHCpan 4.1 BA	NetMHCpan 4.0 EL	NetMHCpan 4.1 EL
2023-08-03	1042741	HLA-A*33:03	9	binary	ALHGGWTTK	0.0	9959.03	-	-	-	-	-	9959.03	1469.28	-	-	6733.6	9327.4	6252.63	0.0804	0.0514
2023-08-03	1042741	HLA-A*33:03	9	binary	CACPGRDWR	0.0	298.39	-	-	-	-	-	298.39	1121.07	-	-	154.5	228.1	213.68	0.137	0.137
2023-08-03	1042741	HLA-A*33:03	9	binary	ETRQLCDLR	1.0	62.06	-	-	-	-	-	62.06	874.09	-	-	39.2	39.6	47.28	0.403	0.592
2023-08-03	1042741	HLA-A*33:03	9	binary	ETSTKTRQR	0.0	166.27	-	-	-	-	-	166.27	922.68	-	-	126.3	120.1	124.31	0.472	0.8
2023-08-03	1042741	HLA-A*33:03	9	binary	EVVRRCPHR	1.0	38.35	-	-	-	-	-	38.35	1332.95	-	-	35.1	41.3	40.24	0.48	0.683
2023-08-03	1042741	HLA-A*33:03	9	binary	EVVRRFPHH	0.0	5260.3	-	-	-	-	-	5260.3	3646.02	-	-	2747.8	1956.7	2113.08	0.0987	0.165
2023-08-03	1042741	HLA-A*33:03	9	binary	FMKQMNDAR	1.0	175.06	-	-	-	-	-	175.06	1501.43	-	-	88.4	77.2	68.14	0.372	0.364
2023-08-03	1042741	HLA-A*33:03	9	binary	HVKITDFGR	1.0	10.68	-	-	-	-	-	10.68	409.85	-	-	15.1	22.9	17.11	0.655	0.762
2023-08-03	1042741	HLA-A*33:03	9	binary	KITDFGRAK	0.0	11716.7	-	-	-	-	-	11716.7	3932.89	-	-	5926.8	8056.9	6302.49	0.0621	0.0425
2023-08-03	1042741	HLA-A*33:03	9	binary	RVLAMAIYK	0.0	1741.12	-	-	-	-	-	1741.12	487.32	-	-	1490.0	2367.1	1626.0	0.117	0.0752
2023-08-03	1042741	HLA-A*33:03	9	binary	RVRAMAICK	0.0	3380.55	-	-	-	-	-	3380.55	1765.99	-	-	2606.1	2881.7	2119.33	0.053	0.0507
2023-08-03	1042741	HLA-A*33:03	9	binary	SCMGGMNQR	0.0	635.47	-	-	-	-	-	635.47	1501.43	-	-	388.3	327.3	312.04	0.352	0.467
2023-08-03	1042741	HLA-A*33:03	9	binary	SCMGSMNRR	0.0	851.56	-	-	-	-	-	851.56	2099.77	-	-	418.5	373.9	296.67	0.276	0.389
2023-08-03	1042741	HLA-A*33:03	9	binary	SSCMGDMNR	0.0	411.15	-	-	-	-	-	411.15	1422.36	-	-	422.5	358.5	376.01	0.213	0.169
2023-08-03	1042741	HLA-A*33:03	9	binary	SSCMGSMNR	0.0	319.89	-	-	-	-	-	319.89	1196.26	-	-	273.9	198.7	190.73	0.296	0.33
2023-08-03	1042741	HLA-A*33:03	9	binary	VVGAAGVGK	0.0	13679.67	-	-	-	-	-	13679.67	1709.59	-	-	11229.8	11417.4	9264.33	0.0439	0.0148
2023-08-03	1042741	HLA-A*33:03	9	binary	VVGACGVGK	0.0	10404.47	-	-	-	-	-	10404.47	1501.43	-	-	8746.5	9224.4	7482.42	0.0217	0.00759
2023-08-03	1042741	HLA-A*33:03	9	binary	VVGARGVGK	0.0	7666.23	-	-	-	-	-	7666.23	2032.71	-	-	6483.8	5888.8	5068.39	0.0833	0.034
2023-08-03	1042741	HLA-A*33:03	9	binary	VVGASGVGK	0.0	13637.4	-	-	-	-	-	13637.4	1785.2	-	-	12393.9	12876.5	9491.61	0.0319	0.0159
2023-08-03	1042741	HLA-A*33:03	9	binary	VVGAVGVGK	0.0	7910.76	-	-	-	-	-	7910.76	1485.27	-	-	6415.9	6689.4	5218.02	0.0817	0.0385

Date	IEDB reference	Allele	Peptide length	Measurement type	Peptide seq	Measurement value	NetMHCpan 2.8	SMM	ANN 4.0	ARB	SMMPMBEC	IEDB Consensus	NetMHCcons	PickPocket	mhcflurry 1.2.0	ANN 3.4	NetMHCpan 3.0	NetMHCpan 4.0 BA	NetMHCpan 4.1 BA	NetMHCpan 4.0 EL	NetMHCpan 4.1 EL
2023-08-03	1042741	HLA-A*33:03	10	binary	AKEEHRPLAW	0.0	43499.4	-	-	-	-	-	43499.4	50000.0	-	-	46274.8	45502.7	43719.44	0.000101	6.7
2023-08-03	1042741	HLA-A*33:03	10	binary	DFGLATEKSR	0.0	806.13	-	-	-	-	-	806.13	20149.14	-	-	704.5	467.9	440.44	0.185	0.258
2023-08-03	1042741	HLA-A*33:03	10	binary	EVCVCACPGR	1.0	94.8	-	-	-	-	-	94.8	1619.56	-	-	162.0	156.7	86.51	0.0278	0.0729
2023-08-03	1042741	HLA-A*33:03	10	binary	EVHVCACPGR	1.0	64.13	-	-	-	-	-	64.13	1804.62	-	-	125.4	110.2	67.82	0.062	0.146
2023-08-03	1042741	HLA-A*33:03	10	binary	EYKLVVVGAR	1.0	32.04	-	-	-	-	-	32.04	4196.68	-	-	46.3	39.8	34.75	0.388	0.684
2023-08-03	1042741	HLA-A*33:03	10	binary	GARGVGKSAL	0.0	33377.64	-	-	-	-	-	33377.64	50000.0	-	-	40738.9	40421.0	37490.9	0.000297	0.000132
2023-08-03	1042741	HLA-A*33:03	10	binary	GFGLATVKSR	0.0	2847.82	-	-	-	-	-	2847.82	17888.25	-	-	2164.8	2092.9	1482.23	0.0832	0.0898
2023-08-03	1042741	HLA-A*33:03	10	binary	IPVAIKTSPK	0.0	5222.18	-	-	-	-	-	5222.18	8387.64	-	-	5574.9	5577.2	4964.51	0.0102	0.0114
2023-08-03	1042741	HLA-A*33:03	10	binary	KLVVVGADGV	0.0	37047.05	-	-	-	-	-	37047.05	50000.0	-	-	33279.1	35210.1	33428.48	0.000246	2.3
2023-08-03	1042741	HLA-A*33:03	10	binary	KLVVVGAGDV	0.0	39598.03	-	-	-	-	-	39598.03	50000.0	-	-	34089.2	35685.3	34655.24	0.000208	1.9
2023-08-03	1042741	HLA-A*33:03	10	binary	LNKMFFQLAK	0.0	2373.26	-	-	-	-	-	2373.26	7208.66	-	-	4163.4	3257.7	2736.99	0.00437	0.00898
2023-08-03	1042741	HLA-A*33:03	10	binary	MQLMPFGCLL	0.0	15543.35	-	-	-	-	-	15543.35	25017.04	-	-	4913.6	7949.5	6039.65	0.00106	0.000849
2023-08-03	1042741	HLA-A*33:03	10	binary	NSSCMGDMNR	0.0	442.58	-	-	-	-	-	442.58	5154.5	-	-	557.9	453.6	359.29	0.0792	0.0698
2023-08-03	1042741	HLA-A*33:03	10	binary	QHVKITDFGR	1.0	2045.89	-	-	-	-	-	2045.89	16404.99	-	-	213.5	268.8	278.18	0.157	0.223
2023-08-03	1042741	HLA-A*33:03	10	binary	RLIRVEGNLR	0.0	885.19	-	-	-	-	-	885.19	6755.55	-	-	1046.3	994.6	783.18	0.112	0.105
2023-08-03	1042741	HLA-A*33:03	10	binary	SEITKQEKDF	0.0	42803.36	-	-	-	-	-	42803.36	50000.0	-	-	44953.7	44018.0	43189.09	0.000101	9.5
2023-08-03	1042741	HLA-A*33:03	10	binary	SSCMGGMNQR	0.0	372.25	-	-	-	-	-	372.25	2664.09	-	-	228.8	254.2	268.32	0.342	0.375
2023-08-03	1042741	HLA-A*33:03	10	binary	SSCMGGMNWR	0.0	303.47	-	-	-	-	-	303.47	2579.01	-	-	114.8	134.2	151.25	0.276	0.208
2023-08-03	1042741	HLA-A*33:03	10	binary	SSCMGSMNRR	0.0	436.25	-	-	-	-	-	436.25	3307.72	-	-	243.1	233.6	223.77	0.266	0.282
2023-08-03	1042741	HLA-A*33:03	10	binary	TRVRAMAICK	0.0	25091.04	-	-	-	-	-	25091.04	33504.88	-	-	4160.1	5151.2	4679.72	0.00737	0.00883
2023-08-03	1042741	HLA-A*33:03	10	binary	TYQGSYGFLL	0.0	10028.04	-	-	-	-	-	10028.04	20589.91	-	-	11647.3	11477.3	8375.4	0.00748	0.00341
2023-08-03	1042741	HLA-A*33:03	10	binary	VVRHCPHHER	1.0	57.0	-	-	-	-	-	57.0	1904.94	-	-	95.6	107.2	79.35	0.3	0.512
2023-08-03	1042741	HLA-A*33:03	10	binary	VVRRCPHRER	0.0	156.03	-	-	-	-	-	156.03	3133.53	-	-	268.5	436.9	405.63	0.106	0.176
2023-08-03	1042741	HLA-A*33:03	10	binary	VVRRFPHHER	0.0	24.64	-	-	-	-	-	24.64	1904.94	-	-	70.9	93.6	82.54	0.359	0.469
2023-08-03	1042741	HLA-A*33:03	10	binary	VVVGACGVGK	0.0	10160.28	-	-	-	-	-	10160.28	4062.65	-	-	8091.3	8804.6	7065.65	0.0232	0.00873
2023-08-03	1042741	HLA-A*33:03	10	binary	VVVGARGVGK	0.0	6865.37	-	-	-	-	-	6865.37	3932.89	-	-	7122.0	7192.5	5639.85	0.0496	0.0191
2023-08-03	1042741	HLA-A*33:03	10	binary	VVVGAVGVGK	0.0	8903.78	-	-	-	-	-	8903.78	4018.93	-	-	9217.8	9991.0	7734.39	0.0388	0.0195
2023-08-03	1042741	HLA-A*33:03	10	binary	YFMKQMNDAR	1.0	124.43	-	-	-	-	-	124.43	3066.45	-	-	86.6	60.0	51.2	0.386	0.374

Date	IEDB reference	Allele	Peptide length	Measurement type	Peptide seq	Measurement value	NetMHCpan 2.8	SMM	ANN 4.0	ARB	SMMPMBEC	IEDB Consensus	NetMHCcons	PickPocket	mhcflurry 1.2.0	ANN 3.4	NetMHCpan 3.0	NetMHCpan 4.0 BA	NetMHCpan 4.1 BA	NetMHCpan 4.0 EL	NetMHCpan 4.1 EL
2023-08-03	1042685	HLA-A*02:01	9	binary	AMPEAAPPV	1.0	7.81	20.61	8.17	13.36	20.02	0.4	7.36	10.35	17.2623989853	6.0	7.0	7.9	9.38	0.817	0.711
2023-08-03	1042685	HLA-A*02:01	9	binary	CMPEAAPPV	1.0	11.35	33.97	11.89	15.91	34.23	0.6	12.24	12.99	34.0045068446	13.0	9.0	14.4	14.19	0.33	0.286
2023-08-03	1042685	HLA-A*02:01	9	binary	DMPEAAPPV	1.0	522.95	184.12	586.69	93.15	181.73	2.6	560.92	47.08	823.0439837617	597.0	980.7	890.4	1096.15	0.0944	0.0465
2023-08-03	1042685	HLA-A*02:01	9	binary	EMPEAAPPV	1.0	187.46	198.2	128.28	83.53	182.57	1.1	142.72	42.25	391.1722874435	108.0	201.7	219.5	292.39	0.193	0.118
2023-08-03	1042685	HLA-A*02:01	9	binary	FMPEAAPPV	1.0	2.81	3.95	3.01	1.6	3.82	0.2	2.77	3.99	5.2605565344	2.0	2.5	2.6	3.24	0.928	0.808
2023-08-03	1042685	HLA-A*02:01	9	binary	GMPEAAPPV	1.0	9.15	27.8	10.27	10.04	26.82	0.5	8.66	12.85	24.2253140779	8.0	9.5	10.1	11.1	0.8	0.651
2023-08-03	1042685	HLA-A*02:01	9	binary	HMPEAAPPV	1.0	12.58	38.91	14.25	21.98	36.26	0.7	11.41	13.71	28.6747703111	10.0	15.4	16.9	21.1	0.637	0.544
2023-08-03	1042685	HLA-A*02:01	9	binary	IMPEAAPPV	1.0	6.46	16.68	6.11	13.06	15.86	0.4	5.8	8.99	13.7298779948	5.0	5.4	6.5	8.68	0.821	0.644
2023-08-03	1042685	HLA-A*02:01	9	binary	KMPEAAPPV	1.0	5.34	14.83	7.01	6.76	14.64	0.4	5.12	8.43	12.6911004141	4.0	5.1	5.9	6.65	0.81	0.756
2023-08-03	1042685	HLA-A*02:01	9	binary	LMPEAAPPV	1.0	6.01	17.07	6.57	6.05	16.46	0.4	5.8	10.02	13.5532942901	5.0	5.6	7.3	8.04	0.712	0.58
2023-08-03	1042685	HLA-A*02:01	9	binary	MMPEAAPPV	1.0	4.03	9.25	4.34	6.85	8.9	0.3	3.83	6.5	9.054874233	3.0	3.6	4.5	5.03	0.805	0.625
2023-08-03	1042685	HLA-A*02:01	9	binary	NMPEAAPPV	1.0	14.81	44.58	15.92	23.15	44.2	0.7	13.13	15.28	46.8410020069	11.0	21.1	24.2	31.19	0.538	0.352
2023-08-03	1042685	HLA-A*02:01	9	binary	PMPEAAPPV	0.0	472.87	212.87	512.06	89.3	217.99	2.8	348.45	46.57	975.347794999	258.0	586.0	795.8	748.62	0.0725	0.0297
2023-08-03	1042685	HLA-A*02:01	9	binary	QMPEAAPPV	1.0	22.24	45.51	17.54	25.59	46.71	0.8	18.87	20.24	44.3719436299	15.0	22.1	27.5	27.65	0.487	0.424
2023-08-03	1042685	HLA-A*02:01	9	binary	RAPAAAPFV	0.0	1775.7	1059.52	2155.83	403.97	1021.95	6.7	1874.27	520.0	2133.3828621239	1973.0	1502.5	1435.2	1257.21	0.0581	0.0392
2023-08-03	1042685	HLA-A*02:01	9	binary	RAPCGAPSV	1.0	3269.12	1399.94	3473.58	901.02	1304.46	9.0	3133.53	645.63	3845.6806908048	2987.0	3657.7	3162.8	2492.18	0.0218	0.0241
2023-08-03	1042685	HLA-A*02:01	9	binary	RAPEAAPPV	1.0	1463.89	599.94	810.23	1263.4	564.2	3.7	1028.11	375.87	1435.1131101689	715.0	1100.3	881.2	874.09	0.0783	0.0799
2023-08-03	1042685	HLA-A*02:01	9	binary	RAPSSAPTV	0.0	5407.75	2270.44	6035.15	1749.62	2341.15	13.0	4936.17	828.06	5244.7696011546	4542.0	6559.8	4860.8	3753.54	0.0314	0.094
2023-08-03	1042685	HLA-A*02:01	9	binary	RCPEAAPPV	1.0	8652.38	2594.84	4124.97	1057.03	2445.85	9.9	5712.5	759.4	2359.0388479219	3775.0	6577.4	6282.3	4860.7	0.00984	0.0165
2023-08-03	1042685	HLA-A*02:01	9	binary	RDPEAAPPV	0.0	14773.56	2565.13	15886.72	4877.73	2880.25	13.0	13797.25	1170.65	6223.2963401264	12983.0	17192.4	15937.7	10872.77	0.00524	0.00409
2023-08-03	1042685	HLA-A*02:01	9	binary	RDPKKAPSV	0.0	28111.95	14194.17	32617.81	28406.1	17923.8	26.0	24747.82	3606.79	13371.9774627363	21813.0	31812.3	29403.3	26443.17	0.00208	0.00657
2023-08-03	1042685	HLA-A*02:01	9	binary	RDPPPAPPV	0.0	22105.16	9080.5	20774.08	30872.14	10875.02	22.0	20478.82	1691.19	12001.1013960325	18837.0	21674.4	19925.4	15375.83	0.0058	0.00988
2023-08-03	1042685	HLA-A*02:01	9	binary	RDPSQAPPV	0.0	23429.1	5822.51	24382.11	7293.78	7135.59	19.0	18985.07	1785.2	9567.3551147447	15307.0	26588.9	24228.5	20269.4	0.00115	0.00139
2023-08-03	1042685	HLA-A*02:01	9	binary	RDPVLAPAV	0.0	22596.31	10095.09	23226.92	19808.73	12572.74	23.0	21734.48	2873.7	10264.6580509963	20743.0	26948.0	25974.4	20115.16	0.00125	0.00115
2023-08-03	1042685	HLA-A*02:01	9	binary	REPEAAPPV	0.0	8975.14	3221.88	13634.61	3790.76	2549.35	15.0	9706.8	751.22	4092.8065679629	10532.0	9600.8	9629.8	7702.99	0.00792	0.00536
2023-08-03	1042685	HLA-A*02:01	9	binary	REPVRAPAV	0.0	27054.09	26491.71	28520.03	50416.41	23737.23	33.0	24087.38	2416.9	12251.4224375548	21491.0	26292.5	24721.1	21702.53	0.00149	0.00218
2023-08-03	1042685	HLA-A*02:01	9	binary	RFPEAAPPV	0.0	4023.45	853.32	3984.42	2054.0	778.81	6.8	4040.73	209.55	2104.1788950346	4056.0	2975.5	3050.7	2206.49	0.0357	0.0228
2023-08-03	1042685	HLA-A*02:01	9	binary	RGPEAAPPV	1.0	7831.23	2571.05	10737.97	2763.47	2225.51	13.0	8478.89	466.68	7257.0099043745	9105.0	8524.3	5957.0	4277.04	0.0124	0.0131
2023-08-03	1042685	HLA-A*02:01	9	binary	RGPIAAPQV	0.0	18170.32	20049.8	25947.75	15380.03	19205.69	30.0	19932.31	1347.45	11347.1685676275	22055.0	21851.0	17095.9	13503.5	0.00485	0.00577
2023-08-03	1042685	HLA-A*02:01	9	binary	RHPEAAPPV	0.0	16300.78	4854.11	17353.32	3263.17	4450.72	18.0	14485.65	1133.26	6955.3418504153	12865.0	19736.6	21064.0	17589.04	0.0011	0.00137
2023-08-03	1042685	HLA-A*02:01	9	binary	RIPEAAPPV	1.0	66.21	128.56	53.86	209.61	118.69	0.8	48.9	43.65	160.7117906743	36.0	31.8	43.1	39.36	0.51	0.494
2023-08-03	1042685	HLA-A*02:01	9	binary	RIWSWLLGA	1.0	39.34	59.58	26.61	11.16	54.5	1.2	30.71	37.92	65.8510525504	24.0	43.0	31.5	35.8	0.324	0.281
2023-08-03	1042685	HLA-A*02:01	9	binary	RKPEAAPPV	0.0	16097.99	2643.08	12681.72	5152.37	2468.48	14.0	13141.57	767.66	4148.4931310214	10714.0	13004.5	16536.3	14481.57	0.00241	0.0031
2023-08-03	1042685	HLA-A*02:01	9	binary	RLGPTLMCL	1.0	162.82	143.92	123.54	119.23	130.15	2.2	115.57	35.15	197.2714095522	81.0	121.7	150.9	104.43	0.416	0.55
2023-08-03	1042685	HLA-A*02:01	9	binary	RLLEFYLAM	1.0	24.52	76.23	23.04	80.06	70.54	1.4	24.33	59.73	13.8052568424	23.0	16.4	14.3	12.27	0.757	0.581
2023-08-03	1042685	HLA-A*02:01	9	binary	RLMKQDFSV	1.0	6.5	9.93	7.31	2.04	10.9	0.3	6.4	7.24	7.8531055043	6.0	4.9	4.4	4.27	0.958	0.939
2023-08-03	1042685	HLA-A*02:01	9	binary	RLPEAAPPV	1.0	5.96	23.29	8.56	14.29	22.05	0.2	6.5	11.41	20.8053429629	7.0	6.4	6.3	6.85	0.887	0.859
2023-08-03	1042685	HLA-A*02:01	9	binary	RLPPTAPGV	1.0	35.25	86.12	59.15	44.97	84.81	0.53	43.88	17.59	69.3499513396	54.0	25.9	29.0	20.89	0.852	0.904
2023-08-03	1042685	HLA-A*02:01	9	binary	RLPYTAPPV	1.0	40.75	56.51	24.24	19.66	55.39	0.4	25.27	17.03	56.8587005727	15.0	37.3	44.0	28.84	0.402	0.342
2023-08-03	1042685	HLA-A*02:01	9	binary	RMAEAAPPV	1.0	2.72	10.47	5.7	11.67	10.15	0.3	3.31	7.01	8.6441731588	4.0	3.6	3.3	3.32	0.922	0.842
2023-08-03	1042685	HLA-A*02:01	9	binary	RMCEAAPPV	1.0	5.33	21.73	8.62	13.31	18.86	0.5	6.22	8.52	10.4313010038	7.0	7.6	10.7	8.21	0.497	0.401
2023-08-03	1042685	HLA-A*02:01	9	binary	RMDEAAPPV	1.0	3.87	11.62	6.21	17.05	11.36	0.3	4.08	7.48	9.0809444953	4.0	5.1	4.6	4.89	0.916	0.828
2023-08-03	1042685	HLA-A*02:01	9	binary	RMEEAAPPV	1.0	17.61	65.03	19.78	81.17	56.03	0.7	18.57	21.37	30.3801443831	19.0	15.6	18.8	16.33	0.612	0.47
2023-08-03	1042685	HLA-A*02:01	9	binary	RMFEAAPPV	0.0	2.04	5.78	3.15	6.5	5.41	0.2	2.36	3.47	5.2296804514	2.0	2.5	2.5	2.66	0.951	0.881
2023-08-03	1042685	HLA-A*02:01	9	binary	RMFPNAPYL	1.0	8.82	25.13	7.14	81.16	23.57	0.5	7.9	8.52	13.3278699558	7.0	6.1	5.9	5.58	0.962	0.955
2023-08-03	1042685	HLA-A*02:01	9	binary	RMGEAAPPV	1.0	5.56	25.65	12.38	35.13	24.12	0.5	6.57	11.41	17.6130989018	7.0	6.7	7.0	6.84	0.776	0.635
2023-08-03	1042685	HLA-A*02:01	9	binary	RMHEAAPPV	1.0	5.93	26.8	7.85	32.22	26.03	0.4	6.47	14.01	19.7823640867	7.0	7.1	7.1	6.5	0.765	0.73
2023-08-03	1042685	HLA-A*02:01	9	binary	RMIEAAPPV	1.0	2.28	8.17	3.92	11.08	7.66	0.2	2.71	5.41	5.9915281695	3.0	2.6	2.5	2.67	0.954	0.869
2023-08-03	1042685	HLA-A*02:01	9	binary	RMKEAAPPV	0.0	26.11	86.32	36.66	86.66	82.12	0.7	33.66	39.17	84.1178714844	43.0	19.2	28.6	24.83	0.482	0.505
2023-08-03	1042685	HLA-A*02:01	9	binary	RMLEAAPPV	1.0	2.24	7.2	3.7	7.0	6.85	0.2	2.61	3.87	5.3438105834	3.0	2.8	2.7	2.7	0.923	0.857
2023-08-03	1042685	HLA-A*02:01	9	binary	RMMEAAPPV	1.0	1.72	3.16	3.13	2.95	2.98	0.2	2.05	3.32	4.5875203356	2.0	2.0	1.9	1.97	0.959	0.898
2023-08-03	1042685	HLA-A*02:01	9	binary	RMNEAAPPV	1.0	4.41	19.5	8.36	24.29	18.13	0.4	5.15	8.16	15.3469647518	6.0	5.1	5.1	4.98	0.862	0.761
2023-08-03	1042685	HLA-A*02:01	9	binary	RMPAAAPPV	1.0	20.91	42.18	17.78	18.41	41.73	0.4	15.61	15.12	27.0989068867	11.0	14.0	20.2	19.64	0.482	0.282
2023-08-03	1042685	HLA-A*02:01	9	binary	RMPCAAPPV	1.0	16.25	41.79	16.98	19.0	38.32	0.7	13.57	13.71	38.8687072443	11.0	12.4	20.0	21.85	0.241	0.106
2023-08-03	1042685	HLA-A*02:01	9	binary	RMPDAAPPV	1.0	9.03	20.9	13.77	17.44	19.74	0.4	7.9	11.53	20.8098416841	6.0	8.1	10.5	9.98	0.786	0.698
2023-08-03	1042685	HLA-A*02:01	9	binary	RMPEAAAPV	1.0	11.2	31.78	15.01	25.7	30.51	0.6	12.44	14.32	39.1584066956	13.0	11.4	14.7	11.29	0.576	0.411
2023-08-03	1042685	HLA-A*02:01	9	binary	RMPEAACPV	1.0	14.27	35.9	15.04	27.44	32.47	0.7	13.86	12.44	43.5265748436	13.0	14.4	22.3	16.79	0.282	0.208
2023-08-03	1042685	HLA-A*02:01	9	binary	RMPEAADPV	1.0	31.92	61.53	33.26	73.23	58.54	1.2	31.04	19.81	102.6822213829	30.0	19.5	36.1	30.18	0.408	0.217
2023-08-03	1042685	HLA-A*02:01	9	binary	RMPEAAEPV	1.0	22.76	58.76	25.04	71.78	56.03	1.1	22.93	20.91	89.8484785813	23.0	17.0	22.8	22.16	0.54	0.412
2023-08-03	1042685	HLA-A*02:01	9	binary	RMPEAAFPV	1.0	3.94	9.66	4.52	6.1	9.07	0.3	4.19	5.77	12.4184260729	4.0	3.6	4.2	4.16	0.779	0.612
2023-08-03	1042685	HLA-A*02:01	9	binary	RMPEAAGPV	1.0	96.95	104.98	100.78	156.79	97.6	1.7	92.58	28.62	385.1868271215	87.0	58.1	97.3	100.68	0.201	0.0776
2023-08-03	1042685	HLA-A*02:01	9	binary	RMPEAAHPV	1.0	9.66	24.5	12.07	29.76	23.96	0.5	8.99	9.91	35.1454442293	8.0	8.7	10.9	9.41	0.658	0.655
2023-08-03	1042685	HLA-A*02:01	9	binary	RMPEAAIPV	1.0	8.72	22.65	9.52	34.92	21.25	0.5	8.61	12.04	32.2914809966	8.0	9.8	11.7	9.78	0.721	0.578
2023-08-03	1042685	HLA-A*02:01	9	binary	RMPEAAKPV	1.0	152.27	153.15	144.76	186.22	148.4	2.3	138.16	46.57	367.1814270623	126.0	119.9	192.2	139.91	0.2	0.206
2023-08-03	1042685	HLA-A*02:01	9	binary	RMPEAALPV	1.0	16.04	30.49	11.2	28.74	28.94	0.6	13.71	16.48	38.8143597609	11.0	12.6	17.2	12.15	0.584	0.481
2023-08-03	1042685	HLA-A*02:01	9	binary	RMPEAAMPV	1.0	8.91	25.01	9.0	45.03	23.36	0.5	8.9	12.85	27.1624399859	8.0	8.3	11.0	8.76	0.667	0.515
2023-08-03	1042685	HLA-A*02:01	9	binary	RMPEAANPV	1.0	24.43	54.34	22.73	90.31	51.46	1.0	22.68	19.6	127.6128187049	21.0	17.2	26.4	22.35	0.492	0.366
2023-08-03	1042685	HLA-A*02:01	9	binary	RMPEAAPAV	1.0	14.96	42.67	21.05	44.03	41.82	0.7	15.96	14.48	33.9726413175	16.0	8.6	9.8	10.67	0.888	0.832
2023-08-03	1042685	HLA-A*02:01	9	binary	RMPEAAPCV	1.0	19.26	52.13	33.18	32.92	49.14	0.9	22.32	15.61	50.4848360974	25.0	17.6	36.8	22.63	0.516	0.642
2023-08-03	1042685	HLA-A*02:01	9	binary	RMPEAAPDV	1.0	67.08	109.68	100.77	78.77	111.54	1.8	85.83	21.6	97.7024957171	109.0	45.8	64.2	58.49	0.568	0.466
2023-08-03	1042685	HLA-A*02:01	9	binary	RMPEAAPEV	1.0	9.84	29.52	19.61	23.12	29.2	0.5	10.46	14.48	31.6240576989	11.0	8.9	9.3	10.17	0.914	0.906
2023-08-03	1042685	HLA-A*02:01	9	binary	RMPEAAPFV	1.0	6.96	22.5	8.71	10.5	21.3	0.5	7.4	10.02	17.2597148272	7.0	5.1	5.9	6.79	0.897	0.835
2023-08-03	1042685	HLA-A*02:01	9	binary	RMPEAAPGV	1.0	14.19	43.36	26.24	30.71	42.6	0.8	16.04	13.57	31.2199443502	18.0	10.4	12.3	11.88	0.86	0.8
2023-08-03	1042685	HLA-A*02:01	9	binary	RMPEAAPHV	1.0	15.94	45.83	26.28	35.45	45.13	0.8	16.66	14.32	34.5235486586	17.0	10.4	13.1	15.01	0.864	0.87
2023-08-03	1042685	HLA-A*02:01	9	binary	RMPEAAPIV	1.0	38.1	62.53	41.44	58.04	62.01	1.2	34.4	20.69	60.1651689258	31.0	21.9	32.7	36.69	0.682	0.57
2023-08-03	1042685	HLA-A*02:01	9	binary	RMPEAAPKV	1.0	24.31	68.25	50.71	77.22	69.73	1.3	27.26	19.18	60.788945095	30.0	18.8	18.4	20.77	0.844	0.879
2023-08-03	1042685	HLA-A*02:01	9	binary	RMPEAAPLV	1.0	12.18	32.67	14.1	15.29	31.95	0.6	12.24	13.57	29.0280271103	12.0	8.2	9.9	10.67	0.862	0.808
2023-08-03	1042685	HLA-A*02:01	9	binary	RMPEAAPMV	1.0	13.54	48.54	19.88	47.25	48.02	0.8	15.12	16.13	43.2357211431	16.0	8.3	10.7	12.37	0.865	0.801
2023-08-03	1042685	HLA-A*02:01	9	binary	RMPEAAPNV	1.0	14.55	58.36	30.42	62.41	58.54	1.1	17.68	14.79	42.8332764005	21.0	10.0	12.3	12.6	0.879	0.864
2023-08-03	1042685	HLA-A*02:01	9	binary	RMPEAAPPA	1.0	79.89	115.37	73.38	141.04	109.76	1.8	67.28	46.07	94.3915080987	56.0	51.0	62.0	55.58	0.354	0.296
2023-08-03	1042685	HLA-A*02:01	9	binary	RMPEAAPPC	1.0	1539.89	813.04	2195.66	1559.54	902.46	6.6	2551.25	293.06	2419.3260139305	4229.0	388.8	678.1	462.63	0.0796	0.104
2023-08-03	1042685	HLA-A*02:01	9	binary	RMPEAAPPD	0.0	18462.03	2918.17	22919.86	7685.64	3399.62	14.0	19191.6	423.37	7233.9496865196	19945.0	17868.5	22672.7	11317.72	0.000255	0.000402
2023-08-03	1042685	HLA-A*02:01	9	binary	RMPEAAPPE	0.0	19164.42	8474.42	16987.71	6041.59	5526.24	22.0	18378.72	388.27	6235.368732817	17682.0	9335.0	11689.9	7416.65	0.00229	0.00379
2023-08-03	1042685	HLA-A*02:01	9	binary	RMPEAAPPF	1.0	2025.42	942.13	2289.94	2942.96	863.83	7.0	2920.72	283.7	3715.0668615342	4206.0	719.0	1146.1	987.11	0.0813	0.0541
2023-08-03	1042685	HLA-A*02:01	9	binary	RMPEAAPPG	1.0	9974.56	1644.79	6239.52	3553.43	1575.54	9.7	8901.93	337.32	2524.4573963953	7919.0	5162.0	8405.5	4486.74	0.00311	0.00205
2023-08-03	1042685	HLA-A*02:01	9	binary	RMPEAAPPH	0.0	16451.92	4457.69	21461.31	4449.25	4471.26	17.0	18279.56	1391.91	7618.6183508644	20301.0	23480.1	20989.2	13625.17	0.0018	0.00529
2023-08-03	1042685	HLA-A*02:01	9	binary	RMPEAAPPI	1.0	25.0	77.47	28.62	132.47	72.68	1.4	24.6	31.21	46.5439066813	24.0	13.2	22.7	21.34	0.537	0.4
2023-08-03	1042685	HLA-A*02:01	9	binary	RMPEAAPPK	1.0	15054.5	3404.94	17158.03	4473.37	3002.13	15.0	14722.66	1145.59	5369.1999723045	14451.0	12847.0	13700.0	10006.89	0.00255	0.00545
2023-08-03	1042685	HLA-A*02:01	9	binary	RMPEAAPPL	1.0	20.65	62.1	23.06	133.68	59.63	1.2	19.18	27.41	64.6715089304	17.0	15.9	28.1	22.69	0.574	0.541
2023-08-03	1042685	HLA-A*02:01	9	binary	RMPEAAPPM	0.0	192.39	207.54	82.03	765.34	195.63	2.8	151.47	80.87	242.761376305	119.0	61.9	107.0	92.15	0.315	0.227
2023-08-03	1042685	HLA-A*02:01	9	binary	RMPEAAPPN	1.0	15678.05	2838.64	18598.76	11721.04	2769.68	14.0	16053.81	432.64	6467.186628075	16427.0	19806.8	21325.2	13533.63	0.0004	0.000273
2023-08-03	1042685	HLA-A*02:01	9	binary	RMPEAAPPP	0.0	9792.46	1671.51	9670.95	5451.88	1615.96	9.7	10757.62	221.2	4627.049465653	11855.0	6225.8	7252.2	3373.17	0.00663	0.0184
2023-08-03	1042685	HLA-A*02:01	9	binary	RMPEAAPPQ	1.0	14696.56	5001.61	13399.29	3736.84	3957.58	18.0	10641.85	503.39	5184.0771120596	7661.0	14539.2	15846.0	11450.13	0.00203	0.00276
2023-08-03	1042685	HLA-A*02:01	9	binary	RMPEAAPPR	0.0	15046.19	1879.79	14595.46	4227.97	2067.43	12.0	15625.39	1709.59	6553.4176043059	16230.0	11033.7	14183.5	9311.26	0.00282	0.00827
2023-08-03	1042685	HLA-A*02:01	9	binary	RMPEAAPPS	1.0	4159.25	1094.23	2758.39	1285.96	1077.53	7.7	4129.12	299.47	2497.1820001336	4117.0	1632.8	2491.1	1554.44	0.02	0.0139
2023-08-03	1042685	HLA-A*02:01	9	binary	RMPEAAPPT	1.0	676.95	416.02	436.33	1001.22	393.94	4.3	608.33	127.39	688.3889951514	546.0	342.7	515.7	504.78	0.0865	0.0549
2023-08-03	1042685	HLA-A*02:01	9	binary	RMPEAAPPV	1.0	7.66	23.18	10.42	24.59	22.15	0.5	7.28	10.46	18.7899883707	6.0	6.2	7.5	7.8	0.773	0.696
2023-08-03	1042685	HLA-A*02:01	9	binary	RMPEAAPPW	0.0	7497.9	942.13	8929.81	3779.92	991.81	7.1	10641.85	508.87	7248.0056957659	15123.0	4043.1	6293.0	6047.7	0.0161	0.00974
2023-08-03	1042685	HLA-A*02:01	9	binary	RMPEAAPPY	0.0	14071.64	2606.81	11547.93	4145.82	2485.59	14.0	12653.21	1133.26	5087.6932610502	11387.0	7519.8	8198.4	6778.54	0.0202	0.0156
2023-08-03	1042685	HLA-A*02:01	9	binary	RMPEAAPQV	1.0	14.52	60.69	36.08	56.03	59.63	1.2	18.67	14.95	43.2965839693	24.0	10.3	11.4	13.24	0.894	0.919
2023-08-03	1042685	HLA-A*02:01	9	binary	RMPEAAPRV	1.0	20.56	58.63	38.75	62.35	59.08	1.1	22.32	17.21	48.3383738868	24.0	14.7	16.4	19.19	0.846	0.834
2023-08-03	1042685	HLA-A*02:01	9	binary	RMPEAAPSV	1.0	11.97	38.2	19.92	21.6	37.79	0.7	13.13	14.63	27.1831599059	14.0	8.5	9.2	10.0	0.906	0.906
2023-08-03	1042685	HLA-A*02:01	9	binary	RMPEAAPTV	1.0	11.8	44.07	21.01	26.69	43.59	0.8	13.71	15.96	35.6870504244	15.0	9.2	9.6	10.73	0.911	0.905
2023-08-03	1042685	HLA-A*02:01	9	binary	RMPEAAPVV	1.0	28.73	57.29	37.65	87.99	55.77	1.1	28.01	17.97	67.7825174066	27.0	18.3	25.7	27.55	0.746	0.663
2023-08-03	1042685	HLA-A*02:01	9	binary	RMPEAAPWV	1.0	10.72	29.79	15.62	15.17	28.34	0.5	11.79	14.17	44.96761105	12.0	7.3	9.1	11.38	0.774	0.628
2023-08-03	1042685	HLA-A*02:01	9	binary	RMPEAAPYV	1.0	5.4	18.33	8.72	10.73	17.08	0.4	5.83	8.9	14.1326075446	6.0	3.9	4.5	5.14	0.942	0.907
2023-08-03	1042685	HLA-A*02:01	9	binary	RMPEAAQPV	1.0	19.46	61.39	24.39	97.64	58.94	1.1	19.92	20.91	85.4844181031	20.0	16.2	24.3	20.89	0.527	0.502
2023-08-03	1042685	HLA-A*02:01	9	binary	RMPEAARPV	1.0	135.11	103.78	113.96	238.44	101.73	1.7	116.83	35.54	233.2990939355	100.0	101.9	170.1	113.98	0.187	0.189
2023-08-03	1042685	HLA-A*02:01	9	binary	RMPEAASPV	1.0	19.15	48.99	25.31	61.42	47.58	0.8	19.39	19.6	97.2527503093	19.0	16.2	25.1	19.34	0.436	0.357
2023-08-03	1042685	HLA-A*02:01	9	binary	RMPEAATPV	1.0	15.32	36.48	16.85	55.83	34.95	0.7	14.01	16.48	44.6779749075	12.0	13.3	17.7	15.68	0.586	0.477
2023-08-03	1042685	HLA-A*02:01	9	binary	RMPEAAVPV	1.0	11.6	31.92	11.82	42.67	29.95	0.6	11.29	13.13	38.1108386224	11.0	10.6	12.3	10.59	0.703	0.574
2023-08-03	1042685	HLA-A*02:01	9	binary	RMPEAAWPV	1.0	2.88	9.49	4.18	16.97	8.96	0.3	3.38	6.09	10.9224812158	3.0	2.6	3.0	3.28	0.823	0.718
2023-08-03	1042685	HLA-A*02:01	9	binary	RMPEAAYPV	1.0	4.65	11.78	5.62	12.44	10.9	0.3	4.8	6.86	11.712213045	4.0	4.1	5.0	5.09	0.767	0.583
2023-08-03	1042685	HLA-A*02:01	9	binary	RMPEACPPV	1.0	6.55	16.18	7.14	8.6	15.83	0.4	6.12	10.35	19.0227890608	5.0	7.0	8.5	8.9	0.554	0.475
2023-08-03	1042685	HLA-A*02:01	9	binary	RMPEADPPV	1.0	16.98	32.89	22.13	29.95	32.54	0.6	13.35	12.58	25.3764622492	10.0	12.1	15.8	18.18	0.693	0.562
2023-08-03	1042685	HLA-A*02:01	9	binary	RMPEAEPPV	1.0	17.04	34.44	22.12	34.21	33.45	0.5	13.42	14.17	48.1347981712	10.0	15.9	19.8	20.23	0.648	0.618
2023-08-03	1042685	HLA-A*02:01	9	binary	RMPEAFPPV	1.0	4.07	12.62	5.29	8.65	12.03	0.3	4.13	6.22	15.537485971	4.0	3.0	3.8	4.48	0.857	0.767
2023-08-03	1042685	HLA-A*02:01	9	binary	RMPEAGPPV	1.0	13.61	43.86	18.6	39.95	42.5	0.8	11.98	14.79	42.4137090543	10.0	9.9	12.9	15.73	0.715	0.616
2023-08-03	1042685	HLA-A*02:01	9	binary	RMPEAHPPV	1.0	10.15	35.49	25.34	48.93	36.43	0.6	10.93	12.99	46.213711641	11.0	9.3	12.4	14.28	0.655	0.612
2023-08-03	1042685	HLA-A*02:01	9	binary	RMPEAIPPV	1.0	3.31	9.6	4.37	5.18	9.02	0.3	3.32	5.18	9.269872152	3.0	2.8	3.2	3.6	0.939	0.905
2023-08-03	1042685	HLA-A*02:01	9	binary	RMPEAKPPV	0.0	42.61	51.3	50.8	67.37	53.02	0.9	28.31	23.56	170.3807907785	18.0	37.4	54.6	54.82	0.431	0.508
2023-08-03	1042685	HLA-A*02:01	9	binary	RMPEALPPV	1.0	3.95	10.07	4.34	4.28	9.54	0.3	3.76	5.18	9.8328274494	3.0	2.9	3.4	3.91	0.892	0.853
2023-08-03	1042685	HLA-A*02:01	9	binary	RMPEAMPPV	1.0	4.69	13.56	5.26	8.62	12.72	0.3	4.29	7.65	12.0797914881	3.0	3.2	3.9	4.37	0.861	0.787
2023-08-03	1042685	HLA-A*02:01	9	binary	RMPEANPPV	1.0	9.08	20.28	16.16	16.29	19.56	0.4	7.77	12.58	17.1239434832	6.0	8.2	9.7	10.52	0.758	0.689
2023-08-03	1042685	HLA-A*02:01	9	binary	RMPEAPPPV	1.0	8.83	18.8	12.71	13.21	18.01	0.4	8.57	14.63	22.0762925148	8.0	9.2	10.5	11.02	0.828	0.828
2023-08-03	1042685	HLA-A*02:01	9	binary	RMPEAQPPV	1.0	11.44	24.22	23.3	18.11	23.63	0.5	9.49	14.63	43.2523879968	7.0	10.1	13.8	14.49	0.69	0.714
2023-08-03	1042685	HLA-A*02:01	9	binary	RMPEARPPV	1.0	49.28	59.99	55.11	63.72	62.58	1.2	34.59	31.55	159.1571001321	24.0	35.5	53.3	50.5	0.392	0.377
2023-08-03	1042685	HLA-A*02:01	9	binary	RMPEASPPV	1.0	6.29	19.19	11.16	13.83	18.77	0.4	5.8	8.71	18.5862475194	5.0	6.3	7.7	8.12	0.752	0.727
2023-08-03	1042685	HLA-A*02:01	9	binary	RMPEATPPV	1.0	5.98	16.07	8.35	13.26	15.26	0.4	5.01	8.9	12.1378646709	4.0	4.6	5.3	6.5	0.842	0.796
2023-08-03	1042685	HLA-A*02:01	9	binary	RMPEAVPPV	1.0	3.92	11.3	5.15	7.31	10.6	0.3	3.93	6.29	10.2227454899	3.0	3.1	3.6	4.01	0.92	0.883
2023-08-03	1042685	HLA-A*02:01	9	binary	RMPEAWPPV	1.0	5.73	20.66	8.34	18.64	18.94	0.4	5.99	7.65	24.1247911712	6.0	5.1	7.3	9.16	0.633	0.497
2023-08-03	1042685	HLA-A*02:01	9	binary	RMPEAYPPV	1.0	5.32	22.5	8.89	18.22	21.75	0.5	5.47	10.58	20.5056641301	5.0	4.5	6.2	6.98	0.77	0.627
2023-08-03	1042685	HLA-A*02:01	9	binary	RMPECAPPV	1.0	9.15	12.28	6.31	8.07	11.36	0.3	6.82	9.19	10.4860086092	5.0	6.8	10.5	9.3	0.449	0.405
2023-08-03	1042685	HLA-A*02:01	9	binary	RMPEDAPPV	1.0	8.91	19.68	16.79	18.99	18.94	0.4	8.52	10.81	20.9251379781	8.0	6.7	7.8	9.01	0.824	0.768
2023-08-03	1042685	HLA-A*02:01	9	binary	RMPEEAPPV	1.0	11.41	32.89	17.14	43.25	31.22	0.6	10.41	12.04	29.2610180564	9.0	7.2	8.4	10.01	0.806	0.782
2023-08-03	1042685	HLA-A*02:01	9	binary	RMPEFAPPV	1.0	4.36	11.62	4.58	10.04	10.73	0.3	4.06	8.71	8.8380418653	3.0	3.2	3.7	4.09	0.877	0.794
2023-08-03	1042685	HLA-A*02:01	9	binary	RMPEGAPPV	1.0	6.24	18.2	11.84	25.85	17.36	0.4	6.06	9.81	18.1484493362	5.0	6.3	6.7	7.74	0.836	0.8
2023-08-03	1042685	HLA-A*02:01	9	binary	RMPEHAPPV	1.0	6.78	19.28	12.74	23.66	18.55	0.4	6.16	9.09	19.0382100106	5.0	5.7	6.4	8.05	0.786	0.795
2023-08-03	1042685	HLA-A*02:01	9	binary	RMPEIAPPV	1.0	6.06	14.46	5.71	16.58	13.57	0.4	5.68	8.61	12.4903449198	5.0	4.6	5.1	5.28	0.872	0.817
2023-08-03	1042685	HLA-A*02:01	9	binary	RMPEKAPPV	1.0	12.54	28.52	16.65	51.18	27.63	0.5	10.75	11.79	47.6642514944	9.0	9.8	11.0	15.28	0.698	0.742
2023-08-03	1042685	HLA-A*02:01	9	binary	RMPELAPPV	1.0	6.52	15.74	7.53	13.89	15.05	0.4	5.9	9.49	15.7433286287	5.0	5.5	6.7	6.56	0.785	0.729
2023-08-03	1042685	HLA-A*02:01	9	binary	RMPEMAPPV	1.0	7.14	20.33	7.93	20.69	18.55	0.2	6.5	9.39	18.9721285885	5.0	5.6	7.3	7.4	0.734	0.629
2023-08-03	1042685	HLA-A*02:01	9	binary	RMPENAPPV	1.0	9.11	25.83	15.52	48.98	24.63	0.5	8.75	9.29	28.1670480466	8.0	7.9	9.6	11.93	0.712	0.65
2023-08-03	1042685	HLA-A*02:01	9	binary	RMPEPAPPV	1.0	16.37	44.58	26.39	58.93	44.3	0.8	17.12	12.17	49.6097884158	17.0	8.0	10.0	10.35	0.814	0.835
2023-08-03	1042685	HLA-A*02:01	9	binary	RMPEQAPPV	1.0	10.06	27.23	20.26	34.57	27.13	0.5	9.6	11.53	30.8527943297	9.0	7.3	9.1	11.87	0.75	0.757
2023-08-03	1042685	HLA-A*02:01	9	binary	RMPERAPPV	1.0	17.86	32.89	19.0	45.48	32.09	0.6	12.92	12.44	46.6265217753	9.0	11.2	13.3	17.33	0.613	0.603
2023-08-03	1042685	HLA-A*02:01	9	binary	RMPESAPPV	1.0	9.19	23.88	12.3	29.5	23.09	0.5	8.11	10.93	24.6302317878	7.0	7.1	8.8	9.28	0.715	0.718
2023-08-03	1042685	HLA-A*02:01	9	binary	RMPETAPPV	1.0	9.81	24.89	12.28	23.47	23.47	0.5	8.71	10.02	25.1543737963	7.0	8.0	9.6	8.83	0.721	0.712
2023-08-03	1042685	HLA-A*02:01	9	binary	RMPEVAPPV	1.0	5.53	14.93	6.01	13.4	14.17	0.4	5.26	9.09	13.4858439888	5.0	5.0	5.6	5.56	0.852	0.803
2023-08-03	1042685	HLA-A*02:01	9	binary	RMPEWAPPV	1.0	2.88	7.61	5.5	6.66	6.75	0.2	3.15	5.77	9.8288736643	3.0	2.8	3.4	3.56	0.851	0.81
2023-08-03	1042685	HLA-A*02:01	9	binary	RMPEYAPPV	1.0	3.44	7.66	5.52	4.2	7.01	0.2	3.41	6.64	10.1516496952	3.0	3.2	3.8	4.4	0.868	0.777
2023-08-03	1042685	HLA-A*02:01	9	binary	RMPFAAPPV	1.0	36.33	53.72	20.7	48.1	53.39	1.0	21.6	16.84	37.2806682557	12.0	19.4	28.4	25.68	0.363	0.18
2023-08-03	1042685	HLA-A*02:01	9	binary	RMPGAAPPV	1.0	20.69	45.41	25.38	31.4	45.44	0.8	16.84	14.32	39.5527092917	13.0	16.1	20.9	19.16	0.559	0.421
2023-08-03	1042685	HLA-A*02:01	9	binary	RMPHAAPPV	1.0	31.33	55.48	32.19	70.04	56.94	1.0	22.32	16.84	44.622374787	15.0	19.0	27.7	24.62	0.408	0.314
2023-08-03	1042685	HLA-A*02:01	9	binary	RMPIAAPPV	0.0	86.54	69.04	37.22	60.06	71.03	1.2	55.98	21.14	69.2189627965	36.0	47.6	74.1	63.1	0.298	0.123
2023-08-03	1042685	HLA-A*02:01	9	binary	RMPKAAPPV	1.0	51.03	63.26	39.12	78.33	64.78	1.1	34.77	20.47	46.1894280563	23.0	27.5	39.9	34.87	0.389	0.313
2023-08-03	1042685	HLA-A*02:01	9	binary	RMPLAAPPV	0.0	59.43	70.16	27.69	68.24	71.85	0.6	39.6	20.24	93.253183457	26.0	33.1	49.1	42.69	0.327	0.16
2023-08-03	1042685	HLA-A*02:01	9	binary	RMPMAAPPV	1.0	49.7	49.67	19.78	56.8	50.52	0.9	28.16	17.21	71.596616221	15.0	29.6	43.0	35.2	0.323	0.141
2023-08-03	1042685	HLA-A*02:01	9	binary	RMPNAAPPV	1.0	27.41	52.13	28.74	52.15	51.69	0.5	20.69	15.12	37.3477082507	15.0	21.0	29.0	22.25	0.469	0.339
2023-08-03	1042685	HLA-A*02:01	9	binary	RMPPAAPPV	1.0	27.18	42.67	20.72	64.94	41.82	0.5	20.35	12.99	32.2005153098	15.0	15.3	21.4	17.22	0.636	0.601
2023-08-03	1042685	HLA-A*02:01	9	binary	RMPQAAPPV	1.0	47.71	69.68	33.01	70.99	70.86	0.8	32.77	15.45	43.9356858455	22.0	26.0	42.7	36.92	0.405	0.322
2023-08-03	1042685	HLA-A*02:01	9	binary	RMPRAAPPV	1.0	78.48	87.92	63.31	79.61	93.63	1.5	52.74	19.18	60.5252928931	35.0	36.6	60.8	58.93	0.242	0.161
2023-08-03	1042685	HLA-A*02:01	9	binary	RMPSAAPPV	1.0	20.77	44.78	20.92	26.15	44.82	0.3	15.53	14.48	32.5092718435	11.0	18.6	25.4	20.26	0.462	0.366
2023-08-03	1042685	HLA-A*02:01	9	binary	RMPTAAPPV	1.0	43.86	52.13	26.34	44.36	52.29	0.9	25.27	17.4	38.5451769644	14.0	28.3	39.8	32.81	0.384	0.26
2023-08-03	1042685	HLA-A*02:01	9	binary	RMPVAAPPV	1.0	82.38	72.96	35.05	98.74	75.41	1.3	51.06	20.47	56.5378483932	31.0	37.7	59.1	52.57	0.306	0.138
2023-08-03	1042685	HLA-A*02:01	9	binary	RMPWAAPPV	1.0	25.77	33.82	14.19	56.34	31.36	0.6	16.13	15.12	28.9344333914	10.0	14.5	21.5	19.29	0.343	0.195
2023-08-03	1042685	HLA-A*02:01	9	binary	RMPYAAPPV	1.0	35.54	52.37	20.93	35.47	52.53	0.9	19.7	16.31	35.6816221973	10.0	26.3	40.0	33.14	0.319	0.164
2023-08-03	1042685	HLA-A*02:01	9	binary	RMQEAAPPV	1.0	5.27	21.43	8.51	20.65	20.58	0.5	6.47	10.13	11.5243499262	7.0	6.6	6.5	5.31	0.773	0.758
2023-08-03	1042685	HLA-A*02:01	9	binary	RMREAAPPV	1.0	40.58	68.09	36.32	111.24	65.53	0.7	42.02	39.17	59.0232202224	43.0	23.6	45.0	42.84	0.351	0.268
2023-08-03	1042685	HLA-A*02:01	9	binary	RMSEAAPPV	1.0	3.68	15.64	7.2	15.53	15.01	0.4	4.36	10.58	10.8174002893	5.0	5.2	5.5	5.03	0.82	0.732
2023-08-03	1042685	HLA-A*02:01	9	binary	RMTEAAPPV	1.0	5.36	26.31	9.08	25.45	24.18	0.5	5.77	14.32	14.0015963199	6.0	7.0	7.5	6.92	0.739	0.607
2023-08-03	1042685	HLA-A*02:01	9	binary	RMVEAAPPV	1.0	3.02	16.75	5.87	16.84	15.54	0.4	3.74	7.48	8.1439939744	4.0	3.8	3.7	4.01	0.896	0.736
2023-08-03	1042685	HLA-A*02:01	9	binary	RMWEAAPPV	1.0	2.12	3.19	2.97	3.12	3.08	0.2	2.36	2.68	5.317833468	2.0	2.6	2.4	2.51	0.945	0.902
2023-08-03	1042685	HLA-A*02:01	9	binary	RMYEAAPPV	1.0	2.25	6.94	3.68	6.72	6.48	0.2	2.69	3.47	6.3232286491	3.0	3.0	2.8	3.09	0.945	0.875
2023-08-03	1042685	HLA-A*02:01	9	binary	RNPEAAPPV	0.0	12212.44	4093.64	13759.39	3051.49	3187.35	16.0	11730.27	573.19	4520.9332103608	11254.0	13488.2	11981.7	8641.71	0.00442	0.00402
2023-08-03	1042685	HLA-A*02:01	9	binary	RPPEAAPPV	1.0	10707.69	3091.08	15610.85	3732.5	2927.05	14.0	11541.43	1584.89	6008.0259637871	12397.0	14351.5	14807.5	11784.59	0.00379	0.00434
2023-08-03	1042685	HLA-A*02:01	9	binary	RPPPGAPDV	0.0	25139.7	21140.24	28717.88	33194.74	21798.67	30.0	23699.6	3807.28	12762.6594642791	22488.0	30403.6	28108.0	24884.5	0.00311	0.00225
2023-08-03	1042685	HLA-A*02:01	9	binary	RQPAMAPGV	1.0	753.63	538.41	487.12	270.31	531.41	2.8	652.65	135.94	1443.2836687598	565.0	402.6	615.0	393.81	0.12	0.135
2023-08-03	1042685	HLA-A*02:01	9	binary	RQPEAAPPV	1.0	76.62	180.35	92.69	343.46	175.16	0.81	68.01	80.87	413.0991389431	60.0	114.4	118.0	88.46	0.243	0.34
2023-08-03	1042685	HLA-A*02:01	9	binary	RRPEAAPPV	0.0	15033.18	5522.17	16851.33	3845.7	5145.53	19.0	13872.1	1318.61	3872.3106211064	12805.0	16369.7	17180.9	15506.65	0.00462	0.00245
2023-08-03	1042685	HLA-A*02:01	9	binary	RSPEAAPPV	1.0	2105.43	1112.01	1754.77	2667.63	1014.92	5.9	2204.54	319.56	1191.1137299382	2305.0	1672.6	1484.2	1259.05	0.0381	0.0523
2023-08-03	1042685	HLA-A*02:01	9	binary	RSPPAAPAV	1.0	6420.8	3767.99	7394.3	12615.7	3617.68	16.0	8075.95	548.91	4435.6679849067	10163.0	5547.3	4499.8	2983.29	0.0394	0.0912
2023-08-03	1042685	HLA-A*02:01	9	binary	RTPEAAPPV	1.0	368.2	371.63	279.49	937.96	357.63	2.0	258.77	161.63	667.9633313631	182.0	266.9	334.6	254.69	0.146	0.181
2023-08-03	1042685	HLA-A*02:01	9	binary	RTPLSAPCV	1.0	3096.12	2606.81	7471.1	4180.11	2681.82	14.0	4478.16	487.32	6464.7169747576	6466.0	5645.3	6291.4	4007.55	0.00814	0.0198
2023-08-03	1042685	HLA-A*02:01	9	binary	RVPEAAPPV	1.0	124.93	200.04	127.77	456.82	184.26	1.1	98.26	76.61	318.9617354624	77.0	72.2	85.0	79.59	0.411	0.414
2023-08-03	1042685	HLA-A*02:01	9	binary	RVPKIAPDV	1.0	3463.94	1611.05	4599.95	3142.73	1661.23	9.7	4600.95	254.61	2382.2478374885	6139.0	3644.7	3664.1	2609.49	0.0764	0.0932
2023-08-03	1042685	HLA-A*02:01	9	binary	RVPMIAPRV	1.0	952.87	676.25	1601.49	1803.63	686.17	5.9	1158.05	170.61	2636.6166497738	1412.0	905.0	949.7	969.04	0.24	0.208
2023-08-03	1042685	HLA-A*02:01	9	binary	RVPRTAPEV	1.0	1561.1	1037.79	3346.13	1326.63	1087.5	8.1	1746.99	186.04	3007.6094311789	1943.0	2060.7	2188.8	1480.1	0.0891	0.181
2023-08-03	1042685	HLA-A*02:01	9	binary	RWPEAAPPV	1.0	6895.41	717.98	6039.98	2331.93	766.36	6.1	7092.61	432.64	4014.0875675982	7309.0	5855.9	5644.8	3541.13	0.0109	0.0126
2023-08-03	1042685	HLA-A*02:01	9	binary	RYPEAAPPV	0.0	10493.79	1175.2	10208.43	3116.05	1115.4	8.0	7650.66	625.01	4007.9298442863	5567.0	9835.2	8387.0	6832.14	0.0069	0.0064
2023-08-03	1042685	HLA-A*02:01	9	binary	RYPIRAPRV	0.0	29238.97	12563.48	27078.7	35696.58	13817.52	25.0	25017.04	2469.77	13557.1790422061	21469.0	30659.6	25255.3	26431.44	0.0015	0.000957
2023-08-03	1042685	HLA-A*02:01	9	binary	SMPEAAPPV	1.0	7.01	20.61	7.92	10.43	20.48	0.4	6.57	11.41	18.4001386809	6.0	6.9	8.1	9.49	0.785	0.682
2023-08-03	1042685	HLA-A*02:01	9	binary	TMPEAAPPV	1.0	11.75	36.4	11.76	18.22	35.52	0.6	10.24	16.13	34.3542175869	8.0	11.7	14.4	18.34	0.659	0.527
2023-08-03	1042685	HLA-A*02:01	9	binary	VMPEAAPPV	1.0	7.58	19.73	7.8	12.29	19.12	0.4	6.61	11.05	14.1704160728	5.0	7.6	9.8	12.2	0.761	0.607
2023-08-03	1042685	HLA-A*02:01	9	binary	WMPEAAPPV	1.0	4.86	17.66	5.78	8.05	16.73	0.4	4.78	8.9	16.96273104	4.0	4.7	5.4	6.77	0.704	0.439
2023-08-03	1042685	HLA-A*02:01	9	binary	YMPEAAPPV	1.0	2.66	4.53	3.24	1.76	4.42	0.2	2.72	4.75	5.8059251238	2.0	2.8	2.9	3.53	0.929	0.805

